Red = 0.6517
Green = 0.6004
Blue = 0.4816
RWaveDep = 3.536
MWaveDep = 0.928
ScaleHeight = 8.004
DepthClamp = 0.159
Exposure = 1.4833
Balance = 0.18
OutScatter = 0.188
InScatter = 0.8525
RayleighPhase = 1.011
MieOffset = 3.3868
MiePower = 0.094
MiePhase = 0.972931
Aux1 = 0.1218
Aux2 = 0.208
Aux3 = 0.792
Aux4 = 1.00375
