; = Shader(s) = [Earth, Mars, Moon, Giant, Auto]
Shader = Earth
OrbitAlt = 250000
AtmoVisualAlt = 70000
Red = 0.65
Blue = 0.48
SunI = 30
zcolor = 1 0.7 0.15
hcolor = 1 0.5 0.1
acolor = 0.9 0.9 1
Srf_RPwr = 3.968
Srf_MPwr = 2.624
Srf_Expo = 1.29544
Srf_TGamma = 0.6446
Srf_TWDst = 0.158925
Srf_Green = 0.5436
Srf_TWBri = 0.849891
Srf_RayO = 1.33956
Srf_RayI = 0.402132
Srf_TWBld = 1.70528
Srf_RayH = 8.53045
Srf_MieO = 1.97053
Srf_MieP = 0.137202
Srf_MieI = 1.06211
Srf_MieH = 1.01133
Srf_Aux2 = 1.7092
Srf_Aux3 = 0.774918
Srf_Aux4 = 1.32872
Srf_Aux5 = 0.370602
Low_RPwr = 4.032
Low_MPwr = -1.072
Low_Expo = 1.06223
Low_TGamma = 0.5484
Low_TWDst = 0.09155
Low_Green = 0.54037
Low_TWBri = 0.423768
Low_RayO = 2.025
Low_RayI = 0.202495
Low_TWBld = 1.62049
Low_RayH = 7.97899
Low_MieO = 0.442207
Low_MieP = 0.0305889
Low_MieI = 1.06211
Low_MieH = 0.630046
Low_Aux2 = 0.3692
Low_Aux3 = 0.681084
Low_Aux4 = 1.184
Low_Aux5 = 0.696825
Hig_RPwr = 4.032
Hig_MPwr = -1.072
Hig_Expo = 1.06223
Hig_TGamma = 0.5484
Hig_TWDst = 0.057175
Hig_Green = 0.54037
Hig_TWBri = 0.104735
Hig_RayO = 2.025
Hig_RayI = 0.202495
Hig_TWBld = 1.62049
Hig_RayH = 7.97899
Hig_MieO = 0.442207
Hig_MieP = 0.0305889
Hig_MieI = 1.06211
Hig_MieH = 0.630046
Hig_Aux2 = 0.2
Hig_Aux3 = 0.504368
Hig_Aux4 = 1.184
Hig_Aux5 = 0.576986
