Red = 0.6517
Green = 0.559
Blue = 0.4804
RWaveDep = 5.216
MWaveDep = -1.712
ScaleHeight = 8.11965
DepthClamp = 0.99875
Exposure = 1.1045
TGamma = 1.0128
OutScatter = 1.04784
InScatter = 1.598
RayleighPhase = 0
MiePower = 0.3872
MiePhase = 0.967558
Aux1 = 0.3
Aux2 = 1
Aux3 = 0
AGamma = 0.4572
HazeClr = 0.273
HazeIts = 1.6096
