; = Shader(s) = [Earth, Mars, Moon, Giant, Auto]
Shader = Earth
OrbitAlt = 250000
AtmoVisualAlt = 70000
Red = 0.65
Blue = 0.48
SunI = 30
zcolor = 1 0.7 0.3
hcolor = 1 0.5 0.1
acolor = 0.9 0.9 1
Srf_RPwr = 4.08
Srf_MPwr = -1.072
Srf_Expo = 3.03245
Srf_TGamma = 0.534
Srf_TWDst = 0.09705
Srf_Green = 0.52954
Srf_TWBri = 0.288145
Srf_RayO = 2.02921
Srf_RayI = 0.758332
Srf_TWBld = 1.62049
Srf_RayH = 8.53045
Srf_MieO = 1.4048
Srf_MieP = 0.861271
Srf_MieI = 0.785587
Srf_MieH = 1.01133
Srf_Aux2 = 0.3692
Srf_Aux3 = 1.0075
Srf_Aux4 = 1.32872
Srf_Aux5 = 0.285974
Low_RPwr = 4.08
Low_MPwr = -1.072
Low_Expo = 3.03245
Low_TGamma = 0.534
Low_TWDst = 0.09705
Low_Green = 0.52954
Low_TWBri = 0.288145
Low_RayO = 2.02921
Low_RayI = 0.758332
Low_TWBld = 1.62049
Low_RayH = 8.53045
Low_MieO = 1.4048
Low_MieP = 0.861271
Low_MieI = 0.785587
Low_MieH = 1.01133
Low_Aux2 = 0.3692
Low_Aux3 = 1.0075
Low_Aux4 = 1.32872
Low_Aux5 = 0.285974
Hig_RPwr = 4.08
Hig_MPwr = -1.072
Hig_Expo = 3.03245
Hig_TGamma = 0.534
Hig_TWDst = 0.09705
Hig_Green = 0.52954
Hig_TWBri = 0.288145
Hig_RayO = 2.02921
Hig_RayI = 0.758332
Hig_TWBld = 1.62049
Hig_RayH = 8.53045
Hig_MieO = 1.4048
Hig_MieP = 0.861271
Hig_MieI = 0.785587
Hig_MieH = 1.01133
Hig_Aux2 = 0.3692
Hig_Aux3 = 1.0075
Hig_Aux4 = 1.32872
Hig_Aux5 = 0.285974
