; = Shader(s) = [Earth, Mars, Moon, Giant, Auto]
Shader = Auto
OrbitAlt = 250000
AtmoVisualAlt = 70000
Red = 0.65
Blue = 0.48
Srf_RPwr = 4.08
Srf_MPwr = 1.664
Srf_Expo = 1.6515
Srf_TGamma = 0.534
Srf_TWDst = 0.19228
Srf_Green = 0.52954
Srf_TWBri = 4
Srf_RayO = 9.13641
Srf_RayI = 0.614642
Srf_RayP = -0.1965
Srf_RayH = 9.10427
Srf_MieO = 1.66117
Srf_MieP = 0.814935
Srf_MieI = 2.03269
Srf_MieH = 1.97846
Srf_Aux2 = 0.3692
Srf_Aux3 = 0.891391
Srf_Aux4 = 1.58676
Srf_Aux5 = 0.042983
Low_RPwr = 4.08
Low_MPwr = 1.664
Low_Expo = 2.215
Low_TGamma = 0.63
Low_TWDst = 0.11829
Low_Green = 0.54037
Low_TWBri = 1.70974
Low_RayO = 2.54928
Low_RayI = 2.40956
Low_RayP = -0.207
Low_RayH = 9.10427
Low_MieO = 3.61565
Low_MieP = 0.486181
Low_MieI = 1.58731
Low_MieH = 1.97846
Low_Aux2 = 1.082
Low_Aux3 = 0.423699
Low_Aux4 = 3.49438
Low_Aux5 = 0.042983
Hig_RPwr = 4.08
Hig_MPwr = 1.664
Hig_Expo = 2.1905
Hig_TGamma = 0.4656
Hig_TWDst = 0.12368
Hig_Green = 0.56
Hig_TWBri = 1.02745
Hig_RayO = 1.09793
Hig_RayI = 3.396
Hig_RayP = -0.1965
Hig_RayH = 9.10427
Hig_MieO = 3.61565
Hig_MieP = 0.486181
Hig_MieI = 1.58731
Hig_MieH = 1.97846
Hig_Aux2 = 0.992
Hig_Aux3 = 0.423699
Hig_Aux4 = 3.49438
Hig_Aux5 = 0.042983
