Red = 0.6517
Green = 0.565
Blue = 0.4816
RWaveDep = 4.08
MWaveDep = 0
ScaleHeight = 6.5567
DepthClamp = 0.0603
Exposure = 1.058
TGamma = 0.7428
OutScatter = 0.371712
InScatter = 1.0685
RayleighPhase = 0.7695
MiePower = 0.070688
MiePhase = 0.924176
Aux1 = 0.1158
Aux2 = 0.337561
Aux3 = 0.718
AGamma = 0.6456
HazeClr = 0.765
HazeIts = 1.4262
