; = Shader(s) = [Earth, Mars, Moon, Giant, Auto]
Shader = Earth
OrbitAlt = 250000
AtmoVisualAlt = 70000
Red = 0.65
Blue = 0.48
SunI = 30
zcolor = 1 0.7 0.15
hcolor = 1 0.5 0.1
acolor = 0.9 0.9 1
Srf_RPwr = 4.08
Srf_MPwr = -1.072
Srf_Expo = 1.00788
Srf_TGamma = 0.534
Srf_TWDst = 0.157
Srf_Green = 0.52954
Srf_TWBri = 0.199877
Srf_RayO = 1.23904
Srf_RayI = 0.758332
Srf_TWBld = 1.70528
Srf_RayH = 8.53045
Srf_MieO = 0.7491
Srf_MieP = 0.0496402
Srf_MieI = 1.06211
Srf_MieH = 1.01133
Srf_Aux2 = 0.3692
Srf_Aux3 = 0.784688
Srf_Aux4 = 0.616
Srf_Aux5 = 0.240956
Low_RPwr = 4.08
Low_MPwr = -1.072
Low_Expo = 1.00788
Low_TGamma = 0.534
Low_TWDst = 0.085775
Low_Green = 0.52954
Low_TWBri = 0.231212
Low_RayO = 1.23904
Low_RayI = 0.73204
Low_TWBld = 1.70528
Low_RayH = 8.53045
Low_MieO = 0.7491
Low_MieP = 0.0496402
Low_MieI = 1.06211
Low_MieH = 1.01133
Low_Aux2 = 0.3692
Low_Aux3 = 0.784688
Low_Aux4 = 0.616
Low_Aux5 = 0.240956
Hig_RPwr = 4.08
Hig_MPwr = -1.072
Hig_Expo = 1.00788
Hig_TGamma = 0.534
Hig_TWDst = 0.047275
Hig_Green = 0.52954
Hig_TWBri = 0.236119
Hig_RayO = 1.06276
Hig_RayI = 0.758332
Hig_TWBld = 1.70528
Hig_RayH = 8.53045
Hig_MieO = 0.484765
Hig_MieP = 0.0496402
Hig_MieI = 1.06211
Hig_MieH = 1.01133
Hig_Aux2 = 0.3692
Hig_Aux3 = 0.631028
Hig_Aux4 = 0.616
Hig_Aux5 = 0.240956
