; = Shader(s) = [Earth, Mars, Moon, Giant, Auto]
Shader = Earth
Planet = Earth
ConfigName = 10_Ratio
OrbitAlt = 250000
AtmoVisualAlt = 90000
Red = 0.65
Blue = 0.48
SunI = 30
zcolor = 1 1 0.6
hcolor = 1 0.5 0.1
acolor = 0.9 0.9 1
Srf_RPwr = 3.968
Srf_MPwr = -2.048
Srf_Expo = 1.29544
Srf_TGamma = 0.6446
Srf_Tr3D = 1.5
Srf_TWDst = 0.2
Srf_Green = 0.53771
Srf_TWBri = 2.6858
Srf_RayO = 1.14921
Srf_RayI = 1.04633
Srf_TWBld = 0.458355
Srf_RayH = 8.53045
Srf_MieO = 0.787632
Srf_MieP = 0.168143
Srf_MieI = 0.826238
Srf_MieH = 0.696992
Srf_Aux2 = 1.3466
Srf_Aux3 = 0.774918
Srf_Aux4 = 1.768
Srf_Aux5 = 0.435125
Low_RPwr = 3.968
Low_MPwr = -2.048
Low_Expo = 0.441786
Low_TGamma = 0.4795
Low_Tr3D = 1.5
Low_TWDst = 0.06528
Low_Green = 0.5436
Low_TWBri = 2.72554
Low_RayO = 0.87025
Low_RayI = 1.04633
Low_TWBld = 0.842989
Low_RayH = 8.53045
Low_MieO = 1.34822
Low_MieP = 0.0496402
Low_MieI = 0.960954
Low_MieH = 1.18233
Low_Aux2 = 8.089
Low_Aux3 = 1.65283
Low_Aux4 = 0.808
Low_Aux5 = 0.17672
Hig_RPwr = 3.968
Hig_MPwr = -2.048
Hig_Expo = 0.33918
Hig_TGamma = 0.4002
Hig_Tr3D = 1.5
Hig_TWDst = 0.06528
Hig_Green = 0.5436
Hig_TWBri = 2.72554
Hig_RayO = 0.87025
Hig_RayI = 1.04633
Hig_TWBld = 0.842989
Hig_RayH = 8.53045
Hig_MieO = 1.34822
Hig_MieP = 0.0496402
Hig_MieI = 0.960954
Hig_MieH = 1.18233
Hig_Aux2 = 8.089
Hig_Aux3 = 1.65283
Hig_Aux4 = 0.808
Hig_Aux5 = 0.17672
