; = Shader(s) = [Earth, Mars, Moon, Giant, Auto]
Shader = Earth
Planet = Earth
ConfigName = Default
OrbitAlt = 250000
AtmoVisualAlt = 90000
Red = 0.65
Blue = 0.48
SunI = 30
zcolor = 1 1 0.6
hcolor = 1 0.5 0.1
acolor = 1 1 1
Srf_RPwr = 3.968
Srf_MPwr = -2.048
Srf_Expo = 1.29544
Srf_TGamma = 0.6446
Srf_Tr3D = 1.5
Srf_WNrml = 1
Srf_WSpec = 0.8
Srf_WTrsn = 0.19954
Srf_WBoost = 0
Srf_TWDst = 0.2
Srf_Green = 0.5436
Srf_TWBri = 0.727899
Srf_RayO = 1.54449
Srf_RayI = 0.532438
Srf_TWBld = 0.240014
Srf_RayH = 8.53045
Srf_MieO = 0.413606
Srf_MieP = 0.0368006
Srf_MieI = 0.559127
Srf_MieH = 1.01133
Srf_Aux2 = 1.7092
Srf_Aux3 = 0.59427
Srf_Aux4 = 0
Srf_Aux5 = 0.370602
Low_RPwr = 3.968
Low_MPwr = -2.048
Low_Expo = 0.8543
Low_TGamma = 0.6446
Low_Tr3D = 1.5
Low_WNrml = 1
Low_WSpec = 0.8
Low_WTrsn = 0.1
Low_WBoost = 0
Low_TWDst = 0.057
Low_Green = 0.5436
Low_TWBri = 1.38446
Low_RayO = 1.54449
Low_RayI = 0.204104
Low_TWBld = 0.240014
Low_RayH = 8.53045
Low_MieO = 0.413606
Low_MieP = 0.0368006
Low_MieI = 0.559127
Low_MieH = 1.01133
Low_Aux2 = 5.9918
Low_Aux3 = 0.59427
Low_Aux4 = 0
Low_Aux5 = 0.30752
Hig_RPwr = 3.968
Hig_MPwr = -2.048
Hig_Expo = 1.07884
Hig_TGamma = 0.5536
Hig_Tr3D = 1.5
Hig_WNrml = 1
Hig_WSpec = 0.8
Hig_WTrsn = 0.1
Hig_WBoost = 0
Hig_TWDst = 0.057
Hig_Green = 0.5436
Hig_TWBri = 1.38446
Hig_RayO = 1.54449
Hig_RayI = 0.204104
Hig_TWBld = 0.240014
Hig_RayH = 8.53045
Hig_MieO = 0.413606
Hig_MieP = 0.0368006
Hig_MieI = 0.559127
Hig_MieH = 1.01133
Hig_Aux2 = 5.296
Hig_Aux3 = 0.425732
Hig_Aux4 = 0
Hig_Aux5 = 0.370602
