Red = 0.6517
Green = 0.5641
Blue = 0.4816
RWaveDep = 4.08
MWaveDep = 0.96
ScaleHeight = 6.5567
DepthClamp = -0.0162
Exposure = 0.998
TGamma = 1.0155
OutScatter = 1.35072
InScatter = 1.004
RayleighPhase = 1.269
MiePower = 0.089042
MiePhase = 0.972334
Aux1 = 0.3
Aux2 = 0.497025
Aux3 = 0.47
AGamma = 0.9804
HazeClr = 0.735
HazeIts = 1.6236
