; = Shader(s) = [Earth, Mars, Moon, Giant, Auto]
Shader = Earth
OrbitAlt = 250000
AtmoVisualAlt = 70000
Red = 0.65
Blue = 0.48
SunI = 30
zcolor = 1 0.7 0.15
hcolor = 1 0.5 0.1
acolor = 0.9 0.9 1
Srf_RPwr = 4.08
Srf_MPwr = -1.072
Srf_Expo = 1.86746
Srf_TGamma = 0.534
Srf_TWDst = 0.158925
Srf_Green = 0.52954
Srf_TWBri = 0.288145
Srf_RayO = 1.35389
Srf_RayI = 1.19056
Srf_TWBld = 1.142
Srf_RayH = 8.53045
Srf_MieO = 0.881034
Srf_MieP = 0.0708923
Srf_MieI = 1.06211
Srf_MieH = 1.01133
Srf_Aux2 = 0.3692
Srf_Aux3 = 1.0075
Srf_Aux4 = 1.32872
Srf_Aux5 = 0.240956
Low_RPwr = 4.08
Low_MPwr = -1.072
Low_Expo = 1.99679
Low_TGamma = 0.5484
Low_TWDst = 0.07395
Low_Green = 0.52954
Low_TWBri = 0.904635
Low_RayO = 2.74048
Low_RayI = 0.263393
Low_TWBld = 1.62049
Low_RayH = 8.53045
Low_MieO = 0.14362
Low_MieP = 0.0305889
Low_MieI = 1.06211
Low_MieH = 1.01133
Low_Aux2 = 0.3692
Low_Aux3 = 0.339866
Low_Aux4 = 1.95116
Low_Aux5 = 0.240956
Hig_RPwr = 4.08
Hig_MPwr = -1.072
Hig_Expo = 2.21158
Hig_TGamma = 0.5185
Hig_TWDst = 0.03985
Hig_Green = 0.52954
Hig_TWBri = 0.495603
Hig_RayO = 2.74048
Hig_RayI = 0.263393
Hig_TWBld = 1.62049
Hig_RayH = 8.53045
Hig_MieO = 0.599489
Hig_MieP = 0.0305889
Hig_MieI = 1.06211
Hig_MieH = 1.01133
Hig_Aux2 = 0.3692
Hig_Aux3 = 0.26873
Hig_Aux4 = 1.95116
Hig_Aux5 = 0.240956
