Red = 0.6517
Green = 0.559
Blue = 0.4804
RWaveDep = 5.264
MWaveDep = -0.912
ScaleHeight = 8.11965
DepthClamp = 0.99875
Exposure = 1.1045
TGamma = 1.0128
OutScatter = 1.19448
InScatter = 1.301
RayleighPhase = -0.0345
MiePower = 0.474338
MiePhase = 0.962981
Aux1 = 0.2355
Aux2 = 0.112896
Aux3 = 0
AGamma = 0.7512
HazeClr = 0.927
HazeIts = 1.6376
