Red = 0.6517
Green = 0.6055
Blue = 0.4816
RWaveDep = 4.08
MWaveDep = 1.264
ScaleHeight = 8.004
DepthClamp = 0.1077
Exposure = 1.2464
Balance = 0.2
OutScatter = 0.316
InScatter = 1.0085
RayleighPhase = 0.7905
MieOffset = 3.1888
MiePower = 0.034
MiePhase = 0.962981
Aux1 = 0.0996
Aux2 = 0.235
Aux3 = 0
Aux4 = 0.98125
