; = Shader(s) = [Earth, Mars, Moon, Giant, Auto]
Shader = Auto
OrbitAlt = 250000
AtmoVisualAlt = 70000
Red = 0.65
Green = 0.56
Blue = 0.48
Srf_RPwr = 4.08
Srf_MPwr = 1.664
Srf_Expo = 2.215
Srf_TGamma = 0.63
Srf_TWDst = 0.15308
Srf_TWHze = 0.93734
Srf_TWBri = 2.41996
Srf_RayO = 9.13641
Srf_RayI = 2.22225
Srf_RayP = -0.1965
Srf_RayH = 9.10427
Srf_MieO = 3.61565
Srf_MieP = 0.486181
Srf_MieI = 1.58731
Srf_MieH = 1.97846
Srf_Aux2 = 0.992
Srf_Aux3 = 0.423699
Srf_Aux4 = 3.49438
Srf_Aux5 = 0.042983
Low_RPwr = 4.08
Low_MPwr = 1.664
Low_Expo = 2.215
Low_TGamma = 0.63
Low_TWDst = 0.15308
Low_TWHze = 1.005
Low_TWBri = 2.41996
Low_RayO = 4.23407
Low_RayI = 1.73188
Low_RayP = -0.207
Low_RayH = 9.10427
Low_MieO = 3.61565
Low_MieP = 0.486181
Low_MieI = 1.58731
Low_MieH = 1.97846
Low_Aux2 = 1.082
Low_Aux3 = 0.423699
Low_Aux4 = 3.49438
Low_Aux5 = 0.042983
Hig_RPwr = 4.08
Hig_MPwr = 1.664
Hig_Expo = 2.1905
Hig_TGamma = 0.4656
Hig_TWDst = 0.15308
Hig_TWHze = 0.93734
Hig_TWBri = 2.41996
Hig_RayO = 3.04076
Hig_RayI = 1.12647
Hig_RayP = -0.1965
Hig_RayH = 9.10427
Hig_MieO = 3.61565
Hig_MieP = 0.486181
Hig_MieI = 1.58731
Hig_MieH = 1.97846
Hig_Aux2 = 0.992
Hig_Aux3 = 0.423699
Hig_Aux4 = 3.49438
Hig_Aux5 = 0.042983
