Red = 0.6517
Green = 0.55
Blue = 0.4816
RWaveDep = 4.08
MWaveDep = 0
ScaleHeight = 6.5567
DepthClamp = 0.0603
Exposure = 1.058
TGamma = 0.7428
OutScatter = 0.562467
InScatter = 1.2845
RayleighPhase = 0.7695
MiePower = 0.070688
MiePhase = 0.924176
Aux1 = 0.3
Aux2 = 0.044521
Aux3 = 0.94
AGamma = 0.7104
HazeClr = 0.765
HazeIts = 1.3912
