Red = 0.6517
Green = 0.55
Blue = 0.4816
RWaveDep = 4.08
MWaveDep = 0
ScaleHeight = 8.11965
DepthClamp = 0.99875
Exposure = 1.034
TGamma = 0.8112
OutScatter = 0.682587
InScatter = 1.1285
RayleighPhase = -0.5085
MiePower = 0.070688
MiePhase = 0.924176
Aux1 = 0.3
Aux2 = 0.044521
Aux3 = 0.94
AGamma = 0.7104
HazeClr = 0.765
HazeIts = 1.3912
