; = Shader(s) = [Earth, Mars, Moon, Giant, Auto]
Shader = Auto
OrbitAlt = 250000
AtmoVisualAlt = 70000
Red = 0.65
Blue = 0.48
SunI = 30
Srf_RPwr = 4.08
Srf_MPwr = -1.072
Srf_Expo = 3.03245
Srf_TGamma = 0.534
Srf_TWDst = 0.09705
Srf_Green = 0.52954
Srf_TWBri = 0.040501
Srf_RayO = 2.02921
Srf_RayI = 0.758332
Srf_RayP = -0.1965
Srf_RayH = 8.53045
Srf_MieO = 0.0823276
Srf_MieP = 0.907189
Srf_MieI = 0.785587
Srf_MieH = 1.01133
Srf_Aux2 = 0.3692
Srf_Aux3 = 1.0075
Srf_Aux4 = 0.02
Srf_Aux5 = 0.613608
Low_RPwr = 4.08
Low_MPwr = -1.072
Low_Expo = 2.01691
Low_TGamma = 0.534
Low_TWDst = 0.09705
Low_Green = 0.52954
Low_TWBri = 0.040501
Low_RayO = 1.127
Low_RayI = 1.13307
Low_RayP = -0.1965
Low_RayH = 8.53045
Low_MieO = 0.0823276
Low_MieP = 0.907189
Low_MieI = 0.785587
Low_MieH = 1.01133
Low_Aux2 = 0.3692
Low_Aux3 = 0.784688
Low_Aux4 = 0.02
Low_Aux5 = 0.613608
Hig_RPwr = 4.08
Hig_MPwr = -1.072
Hig_Expo = 2.01691
Hig_TGamma = 0.534
Hig_TWDst = 0.09705
Hig_Green = 0.52954
Hig_TWBri = 0.040501
Hig_RayO = 1.127
Hig_RayI = 1.13307
Hig_RayP = -0.1965
Hig_RayH = 8.53045
Hig_MieO = 0.0823276
Hig_MieP = 0.907189
Hig_MieI = 0.785587
Hig_MieH = 1.01133
Hig_Aux2 = 0.3692
Hig_Aux3 = 0.784688
Hig_Aux4 = 0.02
Hig_Aux5 = 0.613608
