Red = 0.6517
Green = 0.5641
Blue = 0.4816
RWaveDep = 4.56
MWaveDep = -1.872
ScaleHeight = 6.5567
DepthClamp = -0.0162
Exposure = 1.019
TGamma = 0.9966
OutScatter = 0.699867
InScatter = 0.983
RayleighPhase = 0.8355
MiePower = 0.147968
MiePhase = 0.978901
Aux1 = 0.3
Aux2 = 1
Aux3 = 0
AGamma = 0.8157
HazeClr = 0.423
HazeIts = 1.6376
