Red = 0.6508
Green = 0.5509
Blue = 0.4804
RPwr = 3.968
MPwr = -0.96
Expo = 0.989
TGamma = 0.618
AGamma = 0.7272
RayO = 2.24516
RayI = 0.366086
RayP = 0.0105
RayH = 8.15941
MieO = 4.57838
MieP = 0.999
MieI = 1.92049
MieH = 2.25571
Aux2 = 0.060025
Aux3 = 0.134
Aux4 = -0.081
Aux5 = 1.5109
Orb_Red = 0.6508
Orb_Green = 0.5509
Orb_Blue = 0.4804
Orb_RPwr = 3.968
Orb_MPwr = 4.288
Orb_Expo = 0.989
Orb_TGamma = 0.618
Orb_AGamma = 0.7272
Orb_RayO = 9.82853
Orb_RayI = 0.0199201
Orb_RayP = 0.0105
Orb_RayH = 8.15941
Orb_MieO = 0.02
Orb_MieP = 0.855759
Orb_MieI = 0.02
Orb_MieH = 2.25571
Orb_Aux2 = 0.060025
Orb_Aux3 = 0.92
Orb_Aux4 = -0.081
Orb_Aux5 = 1.5109
