; = Shader(s) = [Earth, Mars, Moon, Giant, Auto]
Shader = Earth
Planet = Earth
ConfigName = Hazy
OrbitAlt = 250000
AtmoVisualAlt = 90000
Red = 0.65
Blue = 0.48
SunI = 30
zcolor = 1 1 0.6
hcolor = 1 0.5 0.1
acolor = 0.9 0.9 1
Srf_RPwr = 3.968
Srf_MPwr = -1.504
Srf_Expo = 1.81553
Srf_TGamma = 0.4483
Srf_Tr3D = 1.5
Srf_TWDst = 0.1772
Srf_Green = 0.53771
Srf_TWBri = 0.748557
Srf_RayO = 2.88369
Srf_RayI = 0.39683
Srf_TWBld = 0.101249
Srf_RayH = 8.53045
Srf_MieO = 0.595054
Srf_MieP = 0.0557149
Srf_MieI = 0.201029
Srf_MieH = 1.02464
Srf_Aux2 = 1.3466
Srf_Aux3 = 0.774918
Srf_Aux4 = 0.616
Srf_Aux5 = 0.644405
Low_RPwr = 3.968
Low_MPwr = -2.048
Low_Expo = 1.58116
Low_TGamma = 0.4483
Low_Tr3D = 1.5
Low_TWDst = 0.061
Low_Green = 0.53771
Low_TWBri = 1.82445
Low_RayO = 1.98916
Low_RayI = 0.223671
Low_TWBld = 0.842989
Low_RayH = 8.53045
Low_MieO = 0.561698
Low_MieP = 0.168143
Low_MieI = 0.201029
Low_MieH = 1.34931
Low_Aux2 = 5.7272
Low_Aux3 = 0.448664
Low_Aux4 = 0
Low_Aux5 = 0.231125
Hig_RPwr = 3.968
Hig_MPwr = -2.048
Hig_Expo = 1.04576
Hig_TGamma = 0.4483
Hig_Tr3D = 1.5
Hig_TWDst = 0.0872
Hig_Green = 0.53771
Hig_TWBri = 1.82445
Hig_RayO = 1.98916
Hig_RayI = 0.223671
Hig_TWBld = 0.842989
Hig_RayH = 8.53045
Hig_MieO = 0.561698
Hig_MieP = 0.168143
Hig_MieI = 0.201029
Hig_MieH = 1.34931
Hig_Aux2 = 5.7272
Hig_Aux3 = 0.448664
Hig_Aux4 = 0
Hig_Aux5 = 0.231125
