Red = 0.6445
Green = 0.5923
Blue = 0.48
RWaveDep = -1.504
MWaveDep = 3.12
ScaleHeight = 400
DepthClamp = 0.7
Exposure = 1.079
TGamma = 0.9888
OutScatter = 0.109443
InScatter = 0.9575
RayleighPhase = -0.513
MiePower = 0.026
MiePhase = 0.977707
Aux1 = 0.3
Aux2 = 1
Aux3 = 0.718
AGamma = 0.7464
HazeClr = 0
HazeIts = 1.4451
