Red = 0.6445
Green = 0.5923
Blue = 0.48
RWaveDep = -3.968
MWaveDep = 3.12
ScaleHeight = 400
DepthClamp = 0.73875
Exposure = 0.5
TGamma = 0.3
OutScatter = 0.386643
InScatter = 2
RayleighPhase = -0.0255
MiePower = 0.039762
MiePhase = 0.982284
Aux1 = 0.3
Aux2 = 1
Aux3 = 0.92
AGamma = 0.7392
HazeClr = -0.492
HazeIts = 1.5249
