; = Shader(s) = [Earth, Mars, Moon, Giant, Auto]
Shader = Giant
OrbitAlt = 1.5e+06
AtmoVisualAlt = 1.5e+06
Red = 0.65
Blue = 0.48
Srf_RPwr = -4.784
Srf_MPwr = -4.4
Srf_Expo = 1.039
Srf_TGamma = 0.5412
Srf_TWDst = 0.01
Srf_Green = 0.56
Srf_TWBri = 0.01
Srf_RayO = 0.0679115
Srf_RayI = 1.04526
Srf_RayP = -0.4185
Srf_RayH = 316.757
Srf_MieO = 0.55928
Srf_MieP = 0.84042
Srf_MieI = 0.0407237
Srf_MieH = 3.10017
Srf_Aux2 = 0.533
Srf_Aux3 = 0.828784
Srf_Aux4 = 3.75152
Srf_Aux5 = 0.00927272
Low_RPwr = -4.784
Low_MPwr = -4.4
Low_Expo = 1.039
Low_TGamma = 0.5412
Low_TWDst = 0.01
Low_Green = 0.56
Low_TWBri = 0.01
Low_RayO = 0.0679115
Low_RayI = 1.04526
Low_RayP = -0.4185
Low_RayH = 316.757
Low_MieO = 0.55928
Low_MieP = 0.84042
Low_MieI = 0.0407237
Low_MieH = 3.10017
Low_Aux2 = 0.533
Low_Aux3 = 0.828784
Low_Aux4 = 3.75152
Low_Aux5 = 0.00927272
Hig_RPwr = -4.784
Hig_MPwr = -4.4
Hig_Expo = 0.864
Hig_TGamma = 0.4248
Hig_TWDst = 0.01
Hig_Green = 0.56
Hig_TWBri = 0.01
Hig_RayO = 0.0679115
Hig_RayI = 1.04526
Hig_RayP = -0.4185
Hig_RayH = 316.757
Hig_MieO = 0.55928
Hig_MieP = 0.84042
Hig_MieI = 0.0407237
Hig_MieH = 3.10017
Hig_Aux2 = 0.533
Hig_Aux3 = 0.828784
Hig_Aux4 = 3.75152
Hig_Aux5 = 0.00927272
