Red = 0.6517
Green = 0.55
Blue = 0.4816
RWaveDep = -1.296
MWaveDep = 1.024
ScaleHeight = 15.0389
DepthClamp = 0.141
Exposure = 3.6128
Balance = 0.093
OutScatter = 0.020402
InScatter = 0.6455
RayleighPhase = 0.327
MieOffset = 2.9215
MiePower = 0.021632
MiePhase = 0.840795
Aux1 = 0.1398
Aux2 = 0.376
Aux3 = 1.328
Aux4 = 0.5042
