Red = 0.6517
Green = 0.55
Blue = 0.4816
RWaveDep = -1.296
MWaveDep = 1.024
ScaleHeight = 10.2529
DepthClamp = 0.141
Exposure = 1.16
TGamma = 0.63
OutScatter = 0.074892
InScatter = 0.998
RayleighPhase = -0.201
MiePower = 0.014112
MiePhase = 0.953628
Aux1 = 0.3
Aux2 = 0.414736
Aux3 = 0.954
AGamma = 1
HazeClr = 0
HazeIts = 1.3723
