Red = 0.6517
Green = 0.6004
Blue = 0.4804
RWaveDep = -2.848
MWaveDep = 2.256
ScaleHeight = 5.74478
DepthClamp = 0.1077
Exposure = 3.2624
Balance = 0.093
OutScatter = 0.154
InScatter = 0.671
RayleighPhase = 1.017
MieOffset = 2.9215
MiePower = 0.026
MiePhase = 0.902883
Aux1 = 0.1017
Aux2 = 0.362
Aux3 = 0
Aux4 = 0.4913
