Red = 0.6517
Green = 0.6004
Blue = 0.4804
RWaveDep = -4.24
MWaveDep = 2.256
ScaleHeight = 8.11965
DepthClamp = 0.1248
Exposure = 2.9552
Balance = 0.093
OutScatter = 0.148
InScatter = 0.8315
RayleighPhase = 0.6135
MieOffset = 2.9215
MiePower = 0.04
MiePhase = 0.915619
Aux1 = 0.1017
Aux2 = 0.362
Aux3 = 0
Aux4 = 0.4913
