Red = 0.6517
Green = 0.6055
Blue = 0.4816
RWaveDep = -1.344
MWaveDep = 0.776
ScaleHeight = 8.11965
DepthClamp = 0.141
Exposure = 4.1312
Balance = 0.093
OutScatter = 0.06
InScatter = 0.707
RayleighPhase = 1.0515
MieOffset = 2.9215
MiePower = 0.02
MiePhase = 0.865471
Aux1 = 0.1398
Aux2 = 0.376
Aux3 = 1.06
Aux4 = 0.3752
