; = Shader(s) = [Earth, Mars, Moon, Giant, Auto]
Shader = Mars
Planet = Mars
ConfigName = Custom
OrbitAlt = 150000
AtmoVisualAlt = 120000
Red = 0.65
Blue = 0.48
SunI = 20
zcolor = 0.7 0.7 1
hcolor = 0.7 0.7 1
acolor = 1 0.9 0.8
Srf_RPwr = -1.28
Srf_MPwr = 4.02
Srf_Expo = 0.834897
Srf_TGamma = 0.6468
Srf_Tr3D = 1.5056
Srf_TWDst = 0.0618
Srf_Green = 0.56
Srf_TWBri = 3
Srf_RayO = 1.33956
Srf_RayI = 1.01035
Srf_TWBld = 0.183805
Srf_RayH = 7.15023
Srf_MieO = 0.18938
Srf_MieP = 0.0821704
Srf_MieI = 1.11632
Srf_MieH = 2.12041
Srf_Aux2 = 0.2
Srf_Aux3 = 1.04789
Srf_Aux4 = 0
Srf_Aux5 = 0.01
Low_RPwr = -2.096
Low_MPwr = -4.128
Low_Expo = 1.21687
Low_TGamma = 0.5887
Low_Tr3D = 1.5536
Low_TWDst = 0.01
Low_Green = 0.56
Low_TWBri = 0.01
Low_RayO = 0.07569
Low_RayI = 1.07812
Low_TWBld = 0
Low_RayH = 8.65567
Low_MieO = 0.25939
Low_MieP = 0.608012
Low_MieI = 1.11632
Low_MieH = 6.98162
Low_Aux2 = 0.2
Low_Aux3 = 1.04789
Low_Aux4 = 0
Low_Aux5 = 0.00927272
Hig_RPwr = -2.096
Hig_MPwr = -3.216
Hig_Expo = 1.21687
Hig_TGamma = 0.5887
Hig_Tr3D = 1.52
Hig_TWDst = 0.01
Hig_Green = 0.56
Hig_TWBri = 0.01
Hig_RayO = 0.04096
Hig_RayI = 1.07812
Hig_TWBld = 0
Hig_RayH = 8.65567
Hig_MieO = 0.25939
Hig_MieP = 0.764416
Hig_MieI = 1.11632
Hig_MieH = 6.98162
Hig_Aux2 = 0.2
Hig_Aux3 = 1.04789
Hig_Aux4 = 0
Hig_Aux5 = 0.00927272
