Red = 0.6517
Green = 0.5581
Blue = 0.4804
RWaveDep = -2.624
MWaveDep = 4.192
ScaleHeight = 10.2529
DepthClamp = 0.0885
Exposure = 1.019
TGamma = 0.7272
OutScatter = 0.401868
InScatter = 1.0085
RayleighPhase = 0.0105
MiePower = 0.060552
MiePhase = 0.938305
Aux1 = 0.3
Aux2 = 1
Aux3 = 0
AGamma = 1
HazeClr = 0
HazeIts = 1.7
