; = Shader(s) = [Earth, Mars, Moon, Giant, Auto]
Shader = Mars
OrbitAlt = 500000
AtmoVisualAlt = 120000
Red = 0.65
Blue = 0.48
SunI = 20
zcolor = 1 0.7 0.15
hcolor = 1 0.5 0.1
acolor = 1 0.9 0.8
Srf_RPwr = -2.896
Srf_MPwr = 4.032
Srf_Expo = 1.69975
Srf_TGamma = 0.6468
Srf_TWDst = 0.025
Srf_Green = 0.56
Srf_TWBri = 0.796875
Srf_RayO = 0.91204
Srf_RayI = 1.38576
Srf_TWBld = 1.46321
Srf_RayH = 9.69454
Srf_MieO = 0.51984
Srf_MieP = 0.160625
Srf_MieI = 1.11632
Srf_MieH = 2.19983
Srf_Aux2 = 0.2
Srf_Aux3 = 1.04789
Srf_Aux4 = 0
Srf_Aux5 = 0.01
Low_RPwr = -2.96
Low_MPwr = -2.048
Low_Expo = 1.69975
Low_TGamma = 0.6468
Low_TWDst = 0.025
Low_Green = 0.56
Low_TWBri = 0.215246
Low_RayO = 0.11449
Low_RayI = 1.38576
Low_TWBld = 0.519507
Low_RayH = 7.15023
Low_MieO = 0.51984
Low_MieP = 0.160625
Low_MieI = 1.11632
Low_MieH = 2.19983
Low_Aux2 = 0.2
Low_Aux3 = 1.04789
Low_Aux4 = 0
Low_Aux5 = 0.01
Hig_RPwr = -2.096
Hig_MPwr = -1.072
Hig_Expo = 2.61296
Hig_TGamma = 0.6468
Hig_TWDst = 0.01
Hig_Green = 0.56
Hig_TWBri = 0.01
Hig_RayO = 0.02209
Hig_RayI = 1.07812
Hig_TWBld = 0
Hig_RayH = 8.65567
Hig_MieO = 0.48841
Hig_MieP = 0.158407
Hig_MieI = 1.11632
Hig_MieH = 1.485
Hig_Aux2 = 0.2
Hig_Aux3 = 1.04789
Hig_Aux4 = 0
Hig_Aux5 = 0.00927272
