Red = 0.6517
Green = 0.5581
Blue = 0.4804
RWaveDep = -3.44
MWaveDep = 2.016
ScaleHeight = 15.0389
DepthClamp = 0.0885
Exposure = 2.6816
Balance = 0.093
OutScatter = 0.19845
InScatter = 0.9635
RayleighPhase = 0.3525
MieOffset = 2.9215
MiePower = 0.053792
MiePhase = 0.860695
Aux1 = 0.1077
Aux2 = 0.399
Aux3 = 0
Aux4 = 0.6633
