Red = 0.6517
Green = 0.5581
Blue = 0.4804
RWaveDep = -3.44
MWaveDep = 2.016
ScaleHeight = 15.0389
DepthClamp = 0.0885
Exposure = 1.2905
TGamma = 0.8346
OutScatter = 0.19845
InScatter = 0.9635
RayleighPhase = 0.3525
MiePower = 0.053792
MiePhase = 0.860695
Aux1 = 0.159
Aux2 = 0.399
Aux3 = 0
AGamma = 1
HazeClr = 0
HazeIts = 1.7
