; = Shader(s) = [Earth, Mars, Moon, Giant, Auto]
Shader = Mars
OrbitAlt = 500000
AtmoVisualAlt = 120000
Red = 0.65
Green = 0.56
Blue = 0.48
SunI = 20
zcolor = 1 0.7 0.15
hcolor = 1 0.5 0.1
acolor = 1 0.9 0.8
Srf_RPwr = -0.912
Srf_MPwr = 3.488
Srf_Expo = 0.794
Srf_TGamma = 0.6468
Srf_TWDst = 0.01
Srf_TWHze = 0.01
Srf_TWBri = 0.01
Srf_RayO = 2.61802
Srf_RayI = 1.39734
Srf_RayP = 0.045
Srf_RayH = 17.483
Srf_MieO = 2.47554
Srf_MieP = 0.860099
Srf_MieI = 2.61802
Srf_MieH = 0.888205
Srf_Aux2 = 0.2
Srf_Aux3 = 0.645212
Srf_Aux4 = 2.99206
Srf_Aux5 = 0.00927272
Low_RPwr = -2.096
Low_MPwr = -1.072
Low_Expo = 1.487
Low_TGamma = 0.4488
Low_TWDst = 0.01
Low_TWHze = 0.01
Low_TWBri = 0.01
Low_RayO = 0.851794
Low_RayI = 0.944114
Low_RayP = -0.0255
Low_RayH = 17.483
Low_MieO = 0.2
Low_MieP = 0.84042
Low_MieI = 1.01059
Low_MieH = 0.888205
Low_Aux2 = 0.2
Low_Aux3 = 0.515677
Low_Aux4 = 3.75152
Low_Aux5 = 0.00927272
Hig_RPwr = -2.096
Hig_MPwr = -1.072
Hig_Expo = 0.794
Hig_TGamma = 0.6468
Hig_TWDst = 0.01
Hig_TWHze = 0.01
Hig_TWBri = 0.01
Hig_RayO = 0.082024
Hig_RayI = 0.102861
Hig_RayP = -0.0255
Hig_RayH = 17.483
Hig_MieO = 0.2
Hig_MieP = 0.84042
Hig_MieI = 1.01059
Hig_MieH = 0.888205
Hig_Aux2 = 0.2
Hig_Aux3 = 0.515677
Hig_Aux4 = 3.75152
Hig_Aux5 = 0.00927272
