Red = 0.6517
Green = 0.55
Blue = 0.4816
RWaveDep = -6.448
MWaveDep = 8
ScaleHeight = 30.586
DepthClamp = 0.17625
Exposure = 1.1495
TGamma = 0.8964
OutScatter = 0.034347
InScatter = 1.169
RayleighPhase = 0.75
MiePower = 0.038088
MiePhase = 0.939499
Aux1 = 0.2145
Aux2 = 0.1936
Aux3 = 0
AGamma = 0.7308
HazeClr = -0.534
HazeIts = 1.6124
