; = Shader(s) = [Earth, Mars, Moon, Giant, Auto]
Shader = Mars
Planet = Titan
ConfigName = Custom
OrbitAlt = 600000
AtmoVisualAlt = 150000
Red = 0.65
Blue = 0.48
SunI = 10
zcolor = 1 0.7 0.15
hcolor = 1 0.5 0.1
acolor = 0.9 0.9 1
Srf_RPwr = 6.76
Srf_MPwr = 11.66
Srf_Expo = 1.89748
Srf_TGamma = 1.0073
Srf_Tr3D = 1.0
Srf_TWDst = 0.1114
Srf_Green = 0.56
Srf_TWBri = 3
Srf_RayO = 0.22801
Srf_RayI = 0.995287
Srf_TWBld = 0
Srf_RayH = 24.0468
Srf_MieO = 0.01
Srf_MieP = 0.0486269
Srf_MieI = 3.33531
Srf_MieH = 8.07577
Srf_Aux2 = 10
Srf_Aux3 = 0.681084
Srf_Aux4 = 0.992
Srf_Aux5 = 0
Low_RPwr = 6.76
Low_MPwr = 6.96
Low_Expo = 1.89748
Low_TGamma = 1.0073
Low_Tr3D = 1.0
Low_TWDst = 0.1652
Low_Green = 0.56
Low_TWBri = 1.39665
Low_RayO = 0.22801
Low_RayI = 0.620375
Low_TWBld = 0.01
Low_RayH = 39.0904
Low_MieO = 2.17939
Low_MieP = 0.0486269
Low_MieI = 0.590307
Low_MieH = 8.07577
Low_Aux2 = 10
Low_Aux3 = 0.681084
Low_Aux4 = 0.992
Low_Aux5 = 0
Hig_RPwr = 6.76
Hig_MPwr = 6.96
Hig_Expo = 1.89748
Hig_TGamma = 1.0073
Hig_Tr3D = 1.0
Hig_TWDst = 0.1276
Hig_Green = 0.56
Hig_TWBri = 1.39665
Hig_RayO = 0.22801
Hig_RayI = 0.620375
Hig_TWBld = 0.01
Hig_RayH = 55.8675
Hig_MieO = 2.17939
Hig_MieP = 0.0486269
Hig_MieI = 0.590307
Hig_MieH = 8.07577
Hig_Aux2 = 10
Hig_Aux3 = 0.681084
Hig_Aux4 = 0.992
Hig_Aux5 = 0
