Red = 0.6517
Green = 0.55
Blue = 0.4816
RWaveDep = 1.552
MWaveDep = 8
ScaleHeight = 30.586
DepthClamp = 0.72625
Exposure = 0.9635
TGamma = 0.864
OutScatter = 0.324723
InScatter = 0.827
RayleighPhase = 0.75
MiePower = 0.063368
MiePhase = 0.975717
Aux1 = 0.2055
Aux2 = 0.073984
Aux3 = 0
AGamma = 0.7512
HazeClr = 0
HazeIts = 1.5865
